#####################
		HEADER:
#####################
Content-Length: 998
Host: 10.33.1.61:1234
User-Agent: Java-http-client/17.0.9
Content-Type: text/plain
Task-Description: https://drive.google.com/file/d/1g9ozTDEzl8IWrm1ZpuUhGgVXkBJjpnvr/view?usp=drive_link

#####################
		BODY:
#####################
[[222, 248, 86], [1120, 1155, 82], [812, 813, 43], [305, 341, 65], [206, 227, 90], [119, 148, 70], [745, 764, 22], [574, 598, 31], [399, 415, 47], [1191, 1227, 83], [1133, 1165, 68], [286, 312, 1], [980, 998, 33], [715, 729, 52], [1088, 1115, 58], [1064, 1096, 13], [919, 930, 80], [881, 905, 89], [1119, 1133, 90], [675, 699, 39], [1277, 1298, 61], [1402, 1406, 43], [1393, 1408, 58], [371, 406, 83], [287, 298, 74], [570, 603, 49], [512, 520, 84], [839, 872, 12], [1133, 1145, 32], [1010, 1020, 26], [780, 799, 55], [618, 624, 78], [884, 896, 24], [974, 1013, 24], [770, 801, 98], [493, 502, 95], [454, 462, 37], [1127, 1127, 16], [83, 102, 17], [373, 386, 58], [1217, 1229, 90], [1022, 1023, 83], [873, 878, 20], [1326, 1357, 49], [784, 786, 1], [1178, 1217, 42], [1309, 1323, 58], [1108, 1108, 54], [87, 120, 68], [1128, 1161, 25], [1324, 1329, 56], [642, 670, 96], [371, 379, 44], [565, 567, 27], [1071, 1092, 51], [897, 922, 44], [1318, 1340, 74], [50, 70, 34], [816, 829, 4], [407, 426, 15]]

******************************************
************* N E W  T A S K *************
******************************************

#####################
		HEADER:
#####################
Content-Length: 968
Host: 10.33.1.61:1234
User-Agent: Java-http-client/17.0.9
Content-Type: text/plain
Task-Description: https://drive.google.com/file/d/1g9ozTDEzl8IWrm1ZpuUhGgVXkBJjpnvr/view?usp=drive_link

#####################
		BODY:
#####################
[[958, 985, 13], [1322, 1336, 70], [208, 227, 11], [253, 270, 88], [593, 628, 84], [410, 432, 78], [1152, 1152, 37], [272, 296, 69], [185, 221, 70], [987, 1010, 9], [872, 885, 17], [1279, 1290, 85], [578, 597, 55], [1283, 1318, 25], [837, 843, 72], [189, 224, 82], [1360, 1364, 85], [214, 246, 13], [906, 915, 75], [441, 444, 49], [870, 885, 61], [904, 931, 63], [1337, 1356, 87], [838, 850, 91], [713, 741, 57], [531, 554, 51], [23, 60, 53], [1329, 1335, 97], [1002, 1030, 2], [573, 603, 5], [866, 868, 57], [198, 216, 51], [9, 38, 4], [1392, 1423, 88], [934, 949, 49], [1000, 1028, 16], [93, 95, 98], [1214, 1252, 84], [181, 195, 4], [84, 98, 47], [313, 326, 41], [88, 114, 64], [828, 835, 40], [24, 48, 48], [753, 780, 88], [147, 147, 69], [441, 454, 45], [349, 352, 13], [770, 804, 54], [767, 789, 48], [145, 155, 44], [629, 657, 85], [1240, 1265, 73], [620, 638, 50], [744, 760, 52], [844, 881, 100], [113, 126, 14], [994, 995, 43], [946, 974, 85], [111, 125, 9]]

******************************************
************* N E W  T A S K *************
******************************************

#####################
		HEADER:
#####################
Content-Length: 1009
Host: 10.33.1.61:1234
User-Agent: Java-http-client/17.0.9
Content-Type: text/plain
Task-Description: https://drive.google.com/file/d/1g9ozTDEzl8IWrm1ZpuUhGgVXkBJjpnvr/view?usp=drive_link

#####################
		BODY:
#####################
[[1313, 1331, 8], [1351, 1365, 29], [790, 792, 46], [1200, 1221, 56], [538, 576, 12], [913, 940, 89], [283, 287, 9], [475, 504, 99], [699, 723, 44], [1204, 1224, 15], [822, 841, 57], [1201, 1203, 13], [549, 566, 11], [27, 53, 22], [1194, 1229, 74], [510, 517, 84], [1235, 1259, 98], [684, 720, 100], [837, 853, 41], [888, 888, 46], [1258, 1265, 30], [982, 1021, 2], [1027, 1061, 24], [1114, 1118, 43], [1377, 1378, 15], [13, 17, 9], [1190, 1190, 7], [695, 730, 2], [532, 562, 18], [1081, 1110, 68], [952, 986, 35], [723, 740, 83], [1171, 1195, 56], [1398, 1425, 93], [1382, 1405, 2], [1269, 1291, 87], [138, 170, 84], [1052, 1084, 42], [1282, 1311, 63], [736, 775, 51], [693, 727, 62], [1223, 1235, 48], [1244, 1283, 92], [904, 910, 4], [1195, 1210, 99], [601, 623, 92], [1157, 1182, 34], [1289, 1299, 8], [588, 604, 27], [676, 693, 90], [1417, 1440, 10], [1020, 1048, 94], [1232, 1247, 81], [1357, 1381, 34], [1423, 1440, 62], [650, 673, 12], [629, 638, 89], [1203, 1226, 10], [472, 473, 51], [362, 372, 73]]

******************************************
************* N E W  T A S K *************
******************************************

#####################
		HEADER:
#####################
Content-Length: 997
Host: 10.33.1.61:1234
User-Agent: Java-http-client/17.0.9
Content-Type: text/plain
Task-Description: https://drive.google.com/file/d/1g9ozTDEzl8IWrm1ZpuUhGgVXkBJjpnvr/view?usp=drive_link

#####################
		BODY:
#####################
[[985, 1006, 31], [913, 948, 68], [534, 544, 15], [422, 429, 49], [378, 383, 88], [602, 622, 45], [352, 376, 67], [901, 932, 81], [140, 178, 8], [1176, 1186, 66], [235, 265, 99], [768, 782, 7], [900, 910, 47], [1044, 1078, 33], [241, 275, 67], [1281, 1314, 55], [385, 404, 44], [1213, 1235, 84], [1175, 1207, 91], [1140, 1150, 48], [915, 924, 45], [1388, 1427, 2], [168, 206, 69], [1311, 1314, 63], [1234, 1254, 99], [936, 954, 38], [1209, 1248, 84], [343, 352, 97], [1158, 1167, 18], [497, 515, 72], [34, 55, 75], [821, 829, 65], [23, 47, 14], [929, 948, 72], [1372, 1404, 21], [1135, 1157, 71], [1145, 1180, 4], [1140, 1170, 27], [1252, 1280, 77], [235, 257, 37], [1374, 1409, 84], [1265, 1279, 72], [340, 363, 4], [341, 368, 28], [831, 860, 51], [745, 759, 26], [1313, 1322, 41], [1145, 1159, 59], [496, 514, 69], [389, 394, 66], [1086, 1122, 33], [628, 665, 4], [776, 778, 73], [645, 677, 25], [1012, 1047, 44], [621, 638, 3], [1106, 1124, 13], [1355, 1380, 59], [99, 107, 97], [328, 331, 96]]

******************************************
************* N E W  T A S K *************
******************************************

#####################
		HEADER:
#####################
Content-Length: 994
Host: 10.33.1.61:1234
User-Agent: Java-http-client/17.0.9
Content-Type: text/plain
Task-Description: https://drive.google.com/file/d/1g9ozTDEzl8IWrm1ZpuUhGgVXkBJjpnvr/view?usp=drive_link

#####################
		BODY:
#####################
[[723, 739, 77], [516, 548, 49], [695, 726, 7], [562, 595, 27], [742, 769, 2], [1227, 1255, 45], [451, 467, 18], [1227, 1251, 30], [899, 922, 8], [915, 915, 35], [1327, 1348, 17], [677, 716, 50], [1219, 1256, 83], [247, 281, 98], [1334, 1357, 24], [503, 529, 5], [848, 877, 50], [130, 163, 31], [1195, 1200, 87], [190, 198, 4], [1399, 1405, 89], [1185, 1196, 41], [1437, 1440, 25], [951, 971, 81], [769, 780, 16], [747, 783, 58], [380, 380, 20], [1027, 1034, 82], [265, 300, 56], [1175, 1176, 26], [1250, 1283, 75], [959, 963, 93], [528, 565, 46], [771, 799, 94], [662, 680, 96], [1157, 1185, 64], [371, 376, 24], [933, 935, 45], [1171, 1190, 74], [268, 284, 94], [134, 156, 36], [1016, 1039, 80], [1230, 1230, 19], [352, 389, 57], [866, 902, 61], [364, 399, 11], [509, 523, 12], [550, 568, 61], [1153, 1175, 13], [371, 377, 35], [1051, 1077, 36], [1176, 1198, 22], [882, 920, 56], [107, 137, 74], [240, 279, 31], [608, 621, 73], [655, 677, 35], [757, 790, 82], [1430, 1440, 52], [828, 830, 3]]

******************************************
************* N E W  T A S K *************
******************************************

#####################
		HEADER:
#####################
Content-Length: 989
Host: 10.33.1.61:1234
User-Agent: Java-http-client/17.0.9
Content-Type: text/plain
Task-Description: https://drive.google.com/file/d/1g9ozTDEzl8IWrm1ZpuUhGgVXkBJjpnvr/view?usp=drive_link

#####################
		BODY:
#####################
[[608, 609, 41], [796, 830, 58], [1217, 1241, 97], [525, 535, 15], [1097, 1110, 69], [1160, 1169, 2], [1185, 1186, 75], [1410, 1415, 96], [1250, 1277, 60], [1301, 1307, 39], [927, 944, 67], [839, 843, 70], [656, 660, 40], [951, 986, 49], [362, 373, 5], [978, 993, 11], [1171, 1180, 23], [456, 484, 7], [750, 760, 66], [838, 851, 4], [205, 224, 44], [866, 870, 11], [424, 433, 92], [99, 120, 84], [459, 459, 61], [507, 532, 32], [505, 535, 65], [688, 689, 34], [1061, 1073, 52], [137, 158, 98], [1411, 1429, 50], [429, 455, 55], [1384, 1417, 85], [795, 822, 21], [1144, 1161, 67], [450, 464, 36], [316, 328, 65], [1144, 1155, 86], [407, 424, 51], [1350, 1356, 52], [1192, 1222, 8], [1343, 1381, 63], [890, 901, 42], [149, 169, 24], [313, 349, 61], [1124, 1143, 66], [754, 780, 99], [25, 34, 49], [1226, 1230, 28], [843, 869, 70], [476, 495, 52], [571, 574, 23], [6, 10, 2], [1003, 1026, 90], [852, 887, 14], [431, 444, 73], [1010, 1011, 8], [970, 977, 63], [1359, 1374, 25], [898, 931, 34]]

******************************************
************* N E W  T A S K *************
******************************************

#####################
		HEADER:
#####################
Content-Length: 977
Host: 10.33.1.61:1234
User-Agent: Java-http-client/17.0.9
Content-Type: text/plain
Task-Description: https://drive.google.com/file/d/1g9ozTDEzl8IWrm1ZpuUhGgVXkBJjpnvr/view?usp=drive_link

#####################
		BODY:
#####################
[[853, 884, 25], [1324, 1346, 77], [381, 391, 98], [1009, 1036, 4], [922, 947, 33], [608, 621, 97], [1213, 1214, 46], [918, 947, 85], [2, 24, 42], [256, 256, 86], [154, 176, 94], [685, 710, 16], [1326, 1359, 70], [1098, 1100, 4], [168, 170, 24], [65, 69, 32], [165, 188, 18], [1405, 1440, 2], [37, 46, 2], [1409, 1428, 37], [226, 250, 90], [1251, 1268, 90], [1336, 1365, 30], [692, 726, 34], [744, 760, 69], [184, 187, 49], [206, 233, 79], [785, 817, 47], [263, 276, 36], [267, 302, 82], [954, 960, 19], [1012, 1023, 92], [1425, 1428, 70], [74, 91, 82], [1231, 1239, 100], [628, 631, 47], [742, 745, 31], [1059, 1076, 48], [132, 164, 51], [345, 365, 4], [928, 961, 67], [622, 644, 42], [1261, 1290, 34], [562, 583, 47], [1029, 1049, 26], [1422, 1429, 67], [729, 738, 2], [588, 603, 5], [1327, 1344, 82], [895, 905, 14], [404, 405, 53], [7, 34, 41], [33, 65, 71], [1042, 1051, 16], [2, 35, 75], [938, 950, 69], [1264, 1271, 51], [987, 994, 98], [766, 780, 15], [1438, 1440, 92]]

******************************************
************* N E W  T A S K *************
******************************************

#####################
		HEADER:
#####################
Content-Length: 987
Host: 10.33.1.61:1234
User-Agent: Java-http-client/17.0.9
Content-Type: text/plain
Task-Description: https://drive.google.com/file/d/1g9ozTDEzl8IWrm1ZpuUhGgVXkBJjpnvr/view?usp=drive_link

#####################
		BODY:
#####################
[[883, 887, 75], [29, 50, 21], [484, 500, 97], [954, 988, 44], [185, 212, 31], [897, 904, 37], [1123, 1145, 19], [206, 226, 48], [1435, 1440, 52], [865, 870, 64], [676, 698, 91], [543, 564, 41], [911, 912, 56], [1171, 1186, 58], [1374, 1404, 56], [1301, 1324, 22], [1126, 1153, 39], [278, 316, 65], [1192, 1213, 75], [1367, 1394, 12], [1057, 1091, 43], [903, 921, 8], [1221, 1230, 56], [234, 239, 10], [363, 398, 41], [239, 265, 81], [419, 420, 44], [818, 831, 21], [553, 582, 86], [649, 654, 10], [229, 237, 18], [1163, 1168, 41], [182, 199, 64], [1307, 1322, 48], [969, 992, 34], [651, 685, 75], [436, 440, 23], [251, 266, 56], [1196, 1226, 85], [1087, 1112, 8], [292, 319, 72], [610, 616, 87], [594, 609, 8], [487, 523, 71], [317, 336, 4], [186, 219, 34], [1386, 1394, 77], [88, 101, 22], [834, 862, 28], [1384, 1414, 68], [695, 730, 63], [886, 901, 90], [118, 127, 97], [30, 35, 96], [1106, 1116, 46], [435, 440, 13], [1075, 1080, 99], [584, 606, 90], [691, 703, 49], [432, 450, 54]]

******************************************
************* N E W  T A S K *************
******************************************

#####################
		HEADER:
#####################
Content-Length: 984
Host: 10.33.1.61:1234
User-Agent: Java-http-client/17.0.9
Content-Type: text/plain
Task-Description: https://drive.google.com/file/d/1g9ozTDEzl8IWrm1ZpuUhGgVXkBJjpnvr/view?usp=drive_link

#####################
		BODY:
#####################
[[1137, 1141, 79], [700, 700, 26], [71, 105, 34], [75, 96, 72], [700, 721, 60], [122, 145, 39], [1155, 1194, 90], [1138, 1143, 38], [874, 899, 80], [8, 29, 18], [808, 825, 90], [327, 362, 100], [706, 741, 56], [1327, 1352, 66], [865, 877, 37], [716, 734, 21], [1157, 1186, 69], [658, 671, 98], [1436, 1440, 14], [968, 986, 88], [1417, 1440, 85], [1102, 1103, 97], [1364, 1385, 75], [368, 370, 99], [181, 192, 32], [41, 51, 28], [1125, 1138, 98], [521, 532, 51], [1058, 1071, 96], [1288, 1295, 34], [1363, 1373, 92], [48, 50, 78], [213, 220, 34], [556, 564, 21], [191, 223, 47], [3, 36, 29], [484, 518, 91], [1342, 1360, 46], [591, 625, 63], [354, 373, 66], [460, 479, 88], [174, 183, 10], [929, 962, 66], [598, 624, 62], [148, 167, 31], [932, 944, 1], [84, 86, 70], [666, 673, 47], [41, 47, 70], [1205, 1220, 57], [1051, 1068, 32], [1214, 1252, 96], [829, 845, 70], [414, 414, 79], [1415, 1440, 11], [1169, 1173, 99], [1030, 1066, 37], [855, 872, 82], [952, 978, 2], [1151, 1165, 97]]

******************************************
************* N E W  T A S K *************
******************************************

#####################
		HEADER:
#####################
Content-Length: 992
Host: 10.33.1.61:1234
User-Agent: Java-http-client/17.0.9
Content-Type: text/plain
Task-Description: https://drive.google.com/file/d/1g9ozTDEzl8IWrm1ZpuUhGgVXkBJjpnvr/view?usp=drive_link

#####################
		BODY:
#####################
[[916, 926, 69], [745, 756, 97], [160, 166, 85], [1271, 1283, 51], [1349, 1383, 88], [1248, 1262, 70], [699, 736, 9], [1059, 1072, 31], [786, 818, 100], [596, 603, 52], [612, 651, 69], [1065, 1087, 28], [885, 891, 24], [627, 634, 61], [582, 609, 57], [434, 444, 34], [1067, 1084, 18], [800, 823, 52], [611, 642, 24], [441, 443, 2], [1116, 1123, 99], [401, 432, 9], [1062, 1074, 76], [856, 894, 56], [838, 877, 61], [492, 524, 39], [989, 1014, 70], [881, 902, 22], [829, 841, 64], [1190, 1200, 28], [876, 888, 82], [450, 477, 45], [433, 438, 27], [1217, 1250, 38], [259, 283, 83], [368, 378, 63], [442, 477, 41], [1032, 1040, 56], [409, 423, 25], [406, 438, 39], [1048, 1056, 96], [977, 1009, 15], [154, 158, 12], [594, 618, 85], [1051, 1052, 26], [246, 265, 8], [1059, 1070, 97], [885, 897, 14], [361, 361, 7], [57, 58, 30], [534, 535, 93], [173, 196, 9], [1383, 1400, 68], [924, 928, 65], [1328, 1331, 94], [1017, 1050, 76], [1176, 1183, 49], [1057, 1057, 72], [224, 253, 61], [593, 597, 2]]

******************************************
************* N E W  T A S K *************
******************************************

#####################
		HEADER:
#####################
Content-Length: 978
Host: 10.33.1.61:1234
User-Agent: Java-http-client/17.0.9
Content-Type: text/plain
Task-Description: https://drive.google.com/file/d/1g9ozTDEzl8IWrm1ZpuUhGgVXkBJjpnvr/view?usp=drive_link

#####################
		BODY:
#####################
[[167, 170, 4], [148, 178, 65], [697, 721, 86], [212, 221, 1], [989, 990, 4], [1293, 1323, 73], [153, 173, 72], [603, 604, 50], [843, 877, 95], [421, 450, 83], [1085, 1091, 60], [1195, 1229, 16], [1371, 1407, 18], [1430, 1437, 58], [1141, 1174, 60], [4, 42, 29], [129, 155, 47], [924, 945, 93], [674, 692, 4], [557, 588, 89], [282, 310, 46], [301, 304, 24], [138, 143, 32], [351, 359, 12], [682, 693, 79], [1358, 1395, 54], [999, 1002, 16], [489, 511, 46], [1304, 1339, 93], [872, 911, 44], [558, 590, 11], [756, 791, 59], [656, 674, 36], [1345, 1384, 80], [7, 34, 68], [1198, 1232, 92], [252, 282, 88], [527, 559, 22], [177, 207, 94], [204, 232, 25], [1094, 1114, 99], [1390, 1426, 32], [151, 164, 86], [465, 470, 41], [1270, 1289, 6], [570, 584, 22], [923, 958, 36], [916, 936, 76], [299, 322, 48], [1152, 1171, 84], [421, 453, 30], [679, 685, 59], [321, 347, 39], [663, 683, 48], [976, 999, 53], [90, 96, 74], [967, 980, 63], [404, 437, 17], [857, 884, 70], [1127, 1163, 28]]

******************************************
************* N E W  T A S K *************
******************************************

#####################
		HEADER:
#####################
Content-Length: 981
Host: 10.33.1.61:1234
User-Agent: Java-http-client/17.0.9
Content-Type: text/plain
Task-Description: https://drive.google.com/file/d/1g9ozTDEzl8IWrm1ZpuUhGgVXkBJjpnvr/view?usp=drive_link

#####################
		BODY:
#####################
[[833, 834, 7], [1387, 1423, 96], [1345, 1352, 67], [974, 975, 60], [1128, 1167, 63], [886, 897, 93], [279, 303, 13], [1060, 1068, 23], [688, 706, 19], [649, 665, 62], [1429, 1440, 24], [377, 380, 5], [873, 882, 72], [1263, 1264, 88], [37, 46, 52], [248, 270, 2], [1223, 1240, 4], [528, 545, 76], [778, 789, 66], [78, 112, 41], [1175, 1185, 46], [356, 381, 52], [1229, 1237, 64], [296, 310, 7], [1052, 1078, 15], [1086, 1125, 60], [315, 317, 84], [369, 388, 49], [155, 160, 96], [891, 898, 3], [1298, 1330, 58], [595, 603, 20], [282, 320, 96], [1262, 1270, 95], [898, 916, 48], [816, 837, 47], [1071, 1085, 43], [49, 50, 6], [121, 153, 25], [293, 321, 69], [1052, 1083, 62], [434, 468, 39], [800, 830, 35], [1059, 1060, 62], [128, 140, 9], [63, 70, 30], [9, 14, 66], [1171, 1206, 34], [81, 105, 22], [728, 742, 36], [1363, 1388, 53], [204, 231, 65], [621, 654, 21], [344, 346, 43], [1357, 1359, 30], [1019, 1053, 89], [55, 79, 28], [391, 414, 46], [862, 864, 50], [1335, 1335, 12]]

******************************************
************* N E W  T A S K *************
******************************************

#####################
		HEADER:
#####################
Content-Length: 986
Host: 10.33.1.61:1234
User-Agent: Java-http-client/17.0.9
Content-Type: text/plain
Task-Description: https://drive.google.com/file/d/1g9ozTDEzl8IWrm1ZpuUhGgVXkBJjpnvr/view?usp=drive_link

#####################
		BODY:
#####################
[[1122, 1143, 34], [1003, 1041, 78], [1277, 1302, 37], [237, 265, 44], [73, 104, 15], [1314, 1326, 91], [335, 358, 28], [387, 426, 2], [931, 968, 38], [1389, 1397, 20], [239, 253, 7], [1372, 1397, 89], [555, 573, 45], [193, 225, 74], [897, 935, 87], [396, 414, 73], [27, 50, 30], [1254, 1264, 25], [909, 929, 90], [599, 629, 64], [418, 446, 55], [1016, 1029, 9], [865, 876, 57], [1380, 1409, 13], [813, 824, 97], [1264, 1265, 49], [911, 925, 83], [599, 620, 31], [152, 160, 57], [552, 569, 2], [1352, 1386, 17], [834, 864, 100], [826, 846, 60], [1220, 1256, 81], [603, 636, 74], [931, 932, 42], [499, 516, 82], [340, 375, 6], [181, 214, 39], [304, 325, 81], [1371, 1386, 19], [286, 288, 50], [510, 546, 68], [598, 620, 8], [1201, 1230, 21], [545, 575, 77], [660, 661, 40], [41, 44, 90], [996, 1007, 65], [285, 300, 88], [1423, 1440, 52], [221, 248, 24], [713, 740, 1], [535, 553, 49], [762, 766, 44], [1051, 1072, 16], [1378, 1385, 59], [512, 550, 52], [690, 707, 59], [1335, 1345, 69]]

******************************************
************* N E W  T A S K *************
******************************************

#####################
		HEADER:
#####################
Content-Length: 968
Host: 10.33.1.61:1234
User-Agent: Java-http-client/17.0.9
Content-Type: text/plain
Task-Description: https://drive.google.com/file/d/1g9ozTDEzl8IWrm1ZpuUhGgVXkBJjpnvr/view?usp=drive_link

#####################
		BODY:
#####################
[[1431, 1440, 18], [1295, 1299, 74], [612, 612, 53], [1265, 1296, 70], [884, 923, 14], [239, 239, 63], [183, 196, 27], [177, 203, 50], [824, 834, 45], [1102, 1122, 2], [423, 439, 17], [711, 736, 5], [626, 644, 41], [924, 930, 22], [857, 857, 65], [1141, 1178, 3], [850, 858, 5], [672, 689, 18], [466, 486, 45], [637, 670, 61], [44, 45, 9], [788, 792, 35], [105, 139, 60], [562, 575, 3], [900, 920, 47], [1319, 1334, 5], [132, 137, 97], [1093, 1126, 14], [524, 547, 39], [22, 58, 34], [1158, 1160, 36], [304, 333, 47], [562, 584, 48], [655, 673, 52], [909, 931, 78], [938, 975, 24], [829, 829, 46], [811, 849, 74], [129, 144, 46], [48, 74, 78], [702, 723, 57], [1197, 1200, 47], [880, 909, 22], [308, 335, 56], [1196, 1196, 87], [900, 933, 55], [958, 970, 32], [748, 781, 28], [1360, 1389, 85], [259, 292, 39], [545, 577, 66], [226, 235, 73], [584, 606, 56], [257, 288, 27], [403, 415, 58], [188, 217, 2], [1199, 1207, 83], [633, 658, 67], [456, 480, 95], [48, 83, 54]]

******************************************
************* N E W  T A S K *************
******************************************

#####################
		HEADER:
#####################
Content-Length: 991
Host: 10.33.1.61:1234
User-Agent: Java-http-client/17.0.9
Content-Type: text/plain
Task-Description: https://drive.google.com/file/d/1g9ozTDEzl8IWrm1ZpuUhGgVXkBJjpnvr/view?usp=drive_link

#####################
		BODY:
#####################
[[633, 653, 94], [1375, 1405, 23], [574, 582, 31], [294, 306, 95], [709, 747, 29], [721, 731, 9], [1346, 1369, 4], [325, 340, 97], [1353, 1383, 28], [1068, 1102, 79], [921, 944, 48], [1103, 1105, 92], [1082, 1106, 10], [128, 151, 41], [1248, 1276, 96], [1254, 1290, 44], [1117, 1133, 7], [680, 687, 44], [391, 405, 49], [1017, 1035, 41], [1394, 1424, 46], [1236, 1240, 6], [78, 98, 32], [1207, 1226, 14], [1258, 1272, 59], [104, 130, 12], [803, 814, 60], [1030, 1062, 54], [266, 277, 5], [680, 684, 76], [1123, 1127, 91], [794, 816, 82], [418, 421, 91], [1405, 1410, 35], [52, 56, 76], [904, 912, 14], [1143, 1157, 80], [122, 160, 91], [644, 665, 36], [1186, 1199, 94], [753, 776, 5], [64, 81, 69], [72, 98, 7], [1061, 1096, 61], [363, 376, 56], [40, 48, 37], [1436, 1440, 14], [342, 356, 72], [669, 696, 75], [999, 1033, 60], [379, 397, 48], [1107, 1139, 5], [239, 242, 98], [1428, 1440, 72], [323, 335, 94], [493, 514, 31], [388, 396, 74], [1038, 1055, 52], [688, 711, 40], [474, 500, 98]]

******************************************
************* N E W  T A S K *************
******************************************

#####################
		HEADER:
#####################
Content-Length: 987
Host: 10.33.1.61:1234
User-Agent: Java-http-client/17.0.9
Content-Type: text/plain
Task-Description: https://drive.google.com/file/d/1g9ozTDEzl8IWrm1ZpuUhGgVXkBJjpnvr/view?usp=drive_link

#####################
		BODY:
#####################
[[1151, 1186, 1], [581, 600, 11], [938, 950, 26], [963, 998, 56], [466, 501, 30], [1094, 1128, 39], [411, 424, 10], [1345, 1349, 9], [1131, 1148, 92], [1352, 1359, 59], [1290, 1316, 59], [1017, 1036, 68], [86, 86, 29], [78, 96, 84], [1326, 1330, 59], [448, 483, 87], [607, 623, 46], [878, 904, 83], [623, 624, 21], [621, 640, 26], [891, 929, 95], [1110, 1148, 93], [965, 1004, 87], [751, 764, 87], [601, 638, 26], [914, 944, 65], [595, 625, 96], [290, 295, 59], [273, 283, 99], [818, 825, 11], [167, 170, 67], [802, 841, 84], [1199, 1204, 92], [1073, 1106, 78], [1175, 1192, 28], [1129, 1130, 84], [132, 166, 7], [1018, 1025, 19], [1122, 1142, 79], [957, 975, 62], [17, 24, 73], [556, 567, 9], [938, 976, 7], [42, 79, 55], [281, 313, 1], [1060, 1079, 9], [210, 221, 87], [983, 1012, 50], [1226, 1248, 38], [162, 167, 86], [1249, 1257, 37], [284, 305, 26], [144, 166, 38], [332, 350, 78], [602, 624, 13], [793, 828, 42], [62, 83, 77], [1047, 1081, 52], [1406, 1419, 49], [1417, 1440, 53]]

******************************************
************* N E W  T A S K *************
******************************************

#####################
		HEADER:
#####################
Content-Length: 994
Host: 10.33.1.61:1234
User-Agent: Java-http-client/17.0.9
Content-Type: text/plain
Task-Description: https://drive.google.com/file/d/1g9ozTDEzl8IWrm1ZpuUhGgVXkBJjpnvr/view?usp=drive_link

#####################
		BODY:
#####################
[[1115, 1142, 93], [435, 445, 66], [812, 813, 58], [1431, 1440, 85], [286, 308, 55], [531, 559, 22], [1247, 1252, 85], [195, 214, 76], [928, 945, 47], [1391, 1401, 83], [185, 193, 51], [167, 180, 7], [1022, 1044, 73], [917, 945, 15], [1228, 1238, 56], [1386, 1412, 23], [462, 494, 92], [1220, 1249, 97], [661, 683, 27], [37, 73, 97], [657, 685, 49], [1401, 1434, 42], [548, 554, 34], [836, 853, 26], [231, 252, 78], [955, 975, 88], [608, 626, 67], [798, 827, 12], [616, 635, 43], [940, 954, 28], [881, 895, 91], [441, 464, 74], [1050, 1074, 23], [1268, 1297, 7], [1152, 1173, 19], [70, 78, 88], [38, 55, 69], [596, 615, 72], [737, 758, 50], [285, 288, 81], [397, 417, 11], [812, 850, 74], [1242, 1243, 96], [1437, 1440, 22], [1248, 1267, 8], [530, 567, 62], [964, 993, 10], [1356, 1387, 20], [373, 402, 45], [24, 47, 45], [1238, 1240, 63], [1135, 1161, 21], [1404, 1432, 73], [1248, 1248, 37], [169, 200, 40], [1070, 1102, 80], [1273, 1289, 38], [775, 811, 49], [767, 790, 5], [1070, 1080, 36]]

******************************************
************* N E W  T A S K *************
******************************************

#####################
		HEADER:
#####################
Content-Length: 991
Host: 10.33.1.61:1234
User-Agent: Java-http-client/17.0.9
Content-Type: text/plain
Task-Description: https://drive.google.com/file/d/1g9ozTDEzl8IWrm1ZpuUhGgVXkBJjpnvr/view?usp=drive_link

#####################
		BODY:
#####################
[[148, 173, 41], [1113, 1122, 63], [1161, 1190, 27], [332, 350, 87], [141, 178, 68], [1157, 1157, 29], [1298, 1321, 55], [548, 570, 32], [1026, 1029, 62], [619, 652, 82], [941, 965, 30], [855, 892, 85], [998, 1033, 34], [1221, 1242, 47], [579, 612, 46], [617, 627, 34], [1065, 1070, 62], [547, 552, 67], [978, 1010, 2], [1275, 1284, 35], [1232, 1268, 28], [155, 186, 97], [1328, 1335, 45], [1186, 1202, 81], [230, 246, 8], [245, 280, 21], [533, 541, 35], [207, 208, 50], [760, 784, 71], [1373, 1386, 38], [1311, 1319, 88], [1412, 1440, 36], [998, 1007, 62], [973, 1010, 65], [1399, 1436, 75], [1303, 1334, 98], [61, 68, 45], [318, 319, 29], [345, 358, 64], [462, 469, 51], [553, 559, 51], [1044, 1072, 39], [730, 759, 72], [478, 487, 29], [79, 83, 5], [108, 147, 52], [107, 134, 42], [1352, 1378, 57], [928, 966, 7], [395, 408, 98], [226, 226, 86], [761, 775, 41], [113, 150, 35], [1196, 1201, 95], [1280, 1318, 8], [230, 243, 31], [271, 306, 3], [13, 13, 30], [661, 695, 23], [362, 362, 4]]

******************************************
************* N E W  T A S K *************
******************************************

#####################
		HEADER:
#####################
Content-Length: 987
Host: 10.33.1.61:1234
User-Agent: Java-http-client/17.0.9
Content-Type: text/plain
Task-Description: https://drive.google.com/file/d/1g9ozTDEzl8IWrm1ZpuUhGgVXkBJjpnvr/view?usp=drive_link

#####################
		BODY:
#####################
[[579, 586, 82], [809, 846, 58], [1333, 1361, 11], [688, 712, 59], [322, 333, 29], [256, 268, 60], [780, 783, 67], [545, 546, 86], [749, 776, 62], [622, 641, 2], [569, 588, 62], [302, 326, 57], [614, 632, 65], [394, 409, 73], [923, 955, 61], [1061, 1063, 8], [1397, 1397, 48], [38, 60, 66], [846, 850, 13], [1373, 1373, 58], [950, 965, 20], [1267, 1294, 42], [897, 921, 67], [747, 781, 51], [68, 73, 22], [456, 485, 69], [1113, 1122, 5], [122, 148, 85], [1165, 1200, 53], [585, 590, 77], [814, 844, 66], [736, 740, 59], [28, 63, 32], [269, 304, 4], [1065, 1087, 79], [1205, 1243, 30], [1221, 1253, 10], [1120, 1148, 98], [833, 857, 90], [1255, 1288, 98], [1048, 1087, 47], [880, 914, 73], [1048, 1074, 29], [272, 306, 78], [1134, 1137, 61], [972, 988, 67], [157, 192, 68], [1296, 1318, 18], [945, 950, 80], [462, 470, 17], [423, 428, 83], [383, 385, 9], [564, 598, 20], [1154, 1189, 74], [724, 727, 16], [1251, 1263, 91], [918, 949, 72], [1063, 1084, 19], [869, 878, 25], [167, 191, 68]]

******************************************
************* N E W  T A S K *************
******************************************

#####################
		HEADER:
#####################
Content-Length: 984
Host: 10.33.1.61:1234
User-Agent: Java-http-client/17.0.9
Content-Type: text/plain
Task-Description: https://drive.google.com/file/d/1g9ozTDEzl8IWrm1ZpuUhGgVXkBJjpnvr/view?usp=drive_link

#####################
		BODY:
#####################
[[439, 474, 42], [852, 872, 69], [934, 969, 25], [849, 867, 31], [925, 945, 77], [1236, 1251, 16], [1191, 1201, 28], [648, 681, 95], [1196, 1231, 71], [1233, 1243, 15], [1124, 1138, 19], [318, 325, 71], [1271, 1275, 57], [1388, 1398, 64], [1174, 1203, 3], [82, 99, 75], [268, 275, 16], [392, 405, 78], [726, 751, 59], [7, 12, 86], [1132, 1133, 16], [1019, 1033, 25], [108, 124, 41], [12, 25, 4], [426, 443, 53], [679, 685, 17], [1406, 1421, 92], [803, 809, 98], [843, 875, 65], [1361, 1400, 5], [1086, 1116, 59], [391, 417, 2], [193, 225, 34], [81, 120, 15], [696, 708, 11], [431, 461, 41], [12, 42, 55], [304, 311, 5], [863, 881, 97], [759, 760, 82], [599, 634, 15], [759, 773, 67], [667, 696, 77], [1191, 1217, 5], [884, 920, 59], [1228, 1267, 53], [1433, 1440, 3], [148, 161, 5], [1085, 1095, 18], [1343, 1361, 17], [24, 41, 71], [299, 317, 43], [1167, 1195, 11], [329, 339, 97], [339, 351, 13], [1108, 1134, 38], [364, 388, 94], [542, 546, 71], [1368, 1403, 54], [1116, 1130, 89]]

******************************************
************* N E W  T A S K *************
******************************************

#####################
		HEADER:
#####################
Content-Length: 997
Host: 10.33.1.61:1234
User-Agent: Java-http-client/17.0.9
Content-Type: text/plain
Task-Description: https://drive.google.com/file/d/1g9ozTDEzl8IWrm1ZpuUhGgVXkBJjpnvr/view?usp=drive_link

#####################
		BODY:
#####################
[[673, 681, 38], [270, 280, 10], [763, 765, 84], [1263, 1293, 76], [959, 990, 62], [1111, 1142, 91], [471, 493, 26], [1350, 1381, 58], [1014, 1016, 18], [734, 764, 16], [1303, 1319, 51], [4, 11, 85], [1184, 1213, 45], [1100, 1103, 19], [828, 860, 23], [918, 930, 48], [1350, 1379, 72], [1191, 1227, 12], [1102, 1135, 55], [76, 77, 60], [1050, 1059, 52], [1052, 1053, 16], [932, 936, 26], [688, 705, 46], [106, 121, 19], [1266, 1274, 86], [683, 694, 75], [1126, 1138, 11], [408, 417, 55], [213, 251, 35], [807, 831, 25], [1422, 1440, 7], [1070, 1074, 82], [132, 141, 7], [765, 791, 74], [506, 514, 16], [1047, 1059, 56], [1056, 1074, 20], [922, 958, 46], [213, 245, 64], [80, 111, 52], [345, 353, 9], [437, 447, 59], [1209, 1227, 6], [740, 767, 63], [318, 333, 35], [1271, 1272, 38], [52, 60, 58], [990, 1012, 31], [1321, 1328, 82], [324, 350, 44], [224, 246, 27], [609, 610, 67], [365, 365, 36], [346, 373, 15], [548, 570, 47], [540, 573, 52], [1030, 1032, 36], [1311, 1313, 76], [1395, 1430, 86]]

******************************************
************* N E W  T A S K *************
******************************************

#####################
		HEADER:
#####################
Content-Length: 972
Host: 10.33.1.61:1234
User-Agent: Java-http-client/17.0.9
Content-Type: text/plain
Task-Description: https://drive.google.com/file/d/1g9ozTDEzl8IWrm1ZpuUhGgVXkBJjpnvr/view?usp=drive_link

#####################
		BODY:
#####################
[[564, 583, 1], [660, 696, 13], [553, 560, 94], [744, 749, 79], [305, 329, 98], [878, 888, 15], [1229, 1244, 52], [107, 124, 4], [77, 99, 77], [177, 192, 92], [174, 188, 88], [675, 696, 91], [842, 855, 12], [481, 493, 59], [147, 161, 75], [599, 616, 35], [1201, 1228, 24], [1226, 1258, 88], [203, 226, 35], [77, 80, 87], [577, 578, 58], [1087, 1110, 26], [207, 234, 36], [1321, 1355, 72], [668, 691, 85], [1190, 1217, 14], [511, 545, 44], [859, 865, 68], [54, 74, 56], [1304, 1306, 94], [959, 984, 18], [89, 128, 45], [227, 256, 17], [268, 295, 76], [85, 98, 6], [211, 243, 51], [995, 1001, 100], [923, 945, 68], [41, 61, 69], [364, 395, 63], [1172, 1194, 69], [711, 726, 30], [257, 267, 31], [1358, 1392, 12], [1085, 1105, 3], [925, 939, 62], [1119, 1144, 36], [958, 958, 22], [858, 865, 86], [802, 809, 66], [449, 483, 15], [1239, 1266, 3], [721, 756, 72], [211, 220, 10], [891, 909, 90], [858, 880, 63], [793, 824, 19], [749, 787, 99], [155, 169, 30], [1418, 1426, 87]]

******************************************
************* N E W  T A S K *************
******************************************

#####################
		HEADER:
#####################
Content-Length: 978
Host: 10.33.1.61:1234
User-Agent: Java-http-client/17.0.9
Content-Type: text/plain
Task-Description: https://drive.google.com/file/d/1g9ozTDEzl8IWrm1ZpuUhGgVXkBJjpnvr/view?usp=drive_link

#####################
		BODY:
#####################
[[50, 50, 33], [1434, 1440, 15], [1085, 1100, 78], [325, 342, 3], [1221, 1238, 9], [1256, 1268, 63], [484, 493, 28], [84, 123, 21], [870, 881, 37], [87, 98, 49], [29, 29, 74], [1419, 1439, 36], [885, 888, 45], [497, 512, 75], [430, 452, 76], [662, 679, 32], [980, 1017, 44], [246, 273, 41], [315, 343, 94], [962, 965, 99], [490, 496, 5], [956, 973, 100], [801, 820, 11], [493, 498, 18], [1132, 1156, 30], [1162, 1174, 64], [6, 20, 72], [1391, 1423, 51], [62, 89, 8], [249, 266, 55], [591, 620, 12], [1135, 1174, 35], [448, 484, 65], [879, 884, 31], [765, 804, 37], [333, 364, 68], [301, 338, 98], [864, 874, 70], [1113, 1140, 40], [1391, 1402, 51], [805, 806, 48], [393, 430, 36], [755, 768, 74], [691, 727, 59], [691, 694, 54], [915, 922, 41], [1426, 1440, 35], [472, 511, 53], [49, 59, 82], [938, 942, 67], [1230, 1268, 32], [1105, 1137, 54], [1232, 1258, 73], [1249, 1257, 12], [1, 11, 73], [624, 644, 75], [1405, 1423, 38], [1163, 1176, 45], [1315, 1343, 58], [946, 982, 8]]

******************************************
************* N E W  T A S K *************
******************************************

